25 25 25 25 25 03 13 23 25 25 25 25 25 25 25 12
25 25 25 25 25 25 25 25 25 25 25 25 25 25 12 12
25 25 25 25 25 25 25 25 25 25 25 25 25 12 12 12
25 25 25 25 09 19 25 25 25 25 25 25 25 12 25 12
25 25 25 25 10 20 25 25 25 12 12 12 25 25 12 12
25 25 25 25 25 25 25 25 12 12 25 12 25 25 12 25
25 25 25 25 25 25 25 25 12 12 25 12 12 12 12 25
25 25 25 25 25 25 25 25 25 25 12 25 25 25 25 25
25 25 12 12 25 25 25 25 25 25 12 25 25 25 25 25
25 25 25 12 25 25 25 25 25 25 12 12 12 25 25 25
25 25 25 12 12 25 25 25 25 25 25 25 25 25 25 25
25 25 25 25 12 12 25 25 25 01 11 21 25 25 25 25
25 12 25 25 25 12 25 25 25 02 12 22 25 25 25 25
12 12 12 25 12 25 25 25 25 03 13 23 25 25 25 25
12 12 25 12 12 25 25 25 25 25 25 25 25 25 25 25
12 12 12 12 25 25 25 25 25 25 25 25 25 25 25 25